idx       type       0            1             2              3
                          
0         0          1            0.990         0.985          0.962                          
1         0          0            0.007         0.010          0.030   
2         0          0            0.003         0.005          0.008

                        
0         1          1            0.995         0.990          0.967                          
1         1          0            0.004         0.007          0.027   
2         1          0            0.001         0.003          0.006
                          
                          
0         2          1            0.983         0.971          0.94
1         2          0            0.010         0.020          0.05   
2         2          0            0.007         0.009          0.01
                          

0         3          1            0.973         0.961          0.928                          
1         3          0            0.015         0.025          0.056   
2         3          0            0.012         0.014          0.016  
                          
                          
0         4          1            0.983         0.971          0.94
1         4          0            0.010         0.020          0.05   
2         4          0            0.007         0.009          0.01


0         5          1            1             1              1
1         5          0            0             0              0   
2         5          0            0             0              0