idx       type       0            1             2              3
                          
0         0          1            0.984         0.971          0.94
1         0          0            0.010         0.020          0.05   
2         0          0            0.007         0.009          0.01

                        
0         1          1            0.989         0.984          0.961                          
1         1          0            0.007         0.010          0.03   
2         1          0            0.004         0.006          0.009
                          
                          
0         2          1            0.984         0.971          0.94
1         2          0            0.010         0.020          0.05   
2         2          0            0.007         0.009          0.01
                          

0         3          1            0.973         0.961          0.928                          
1         3          0            0.015         0.025          0.056   
2         3          0            0.012         0.014          0.016  
                          
                          
0         4          1            0.979         0.974          0.944
1         4          0            0.012         0.015          0.041   
2         4          0            0.009         0.011          0.015


0         5          1            1             1              1
1         5          0            0             0              0   
2         5          0            0             0              0